------------------------------------------------------------------------------------------------------------------------------------------------------------------------------------------------------------------------------------------
#         RAD.  NAME                Gl         Gb             RAJD                    DECJD                 P0                  DM                  RM               W50          TAU_SC             S1400            DIST_DM   DIST_DM1
      DISTANCE                   (deg)      (deg)            (deg)                    (deg)                (s)          (cm^-3 pc)          (rad m^-2)              (ms)             (s)             (mJy)              (kpc)      (kpc)
------------------------------------------------------------------------------------------------------------------------------------------------------------------------------------------------------------------------------------------
1        28.51 B0559-57       266.492   -29.343     90.19375000 1.3e-03    -57.94833333 8.3e-04  2.261365 3.0e-09      30.00 8.0e+00          *       0   60.000       0      *       0        *       0         *         *
2        26.13 J0614-3329     240.501   -21.827     93.54311755 1.0e-08    -33.49836819 1.2e-08  0.003149 4.0e-17      37.05 1.4e-04      38.90 2.0e-01    0.360       0      *       0     0.68 4.0e-02         *         *
3        25.27 J0621-55       264.804   -26.411     95.17500000 1.2e-01    -56.08333333 1.2e-01         *       0      22.00       0          *       0        *       0      *       0        *       0         *         *
4        25.42 B0628-28       236.952   -16.758     97.70585164 1.8e-07    -28.57854967 1.0e-07  1.244427 7.0e-12      34.42 1.0e-03      45.78 1.0e-02   63.000       0   0.00       0    32.00 7.0e+00         *         *
5        28.06 J0636-23       232.113   -13.492     99.00000000       0    -23.00000000       0  0.476000       0      59.12 1.2e-01          *       0   15.000       0      *       0        *       0         *         *

6        23.20 J0636-3044     239.526   -16.416     99.14332633 2.1e-08    -30.73363933 2.0e-08  0.003946       0      15.46 4.0e-04      36.90 2.0e-01        *       0      *       0     1.51 1.4e-01         *         *
7        19.83 J0636-4549     254.547   -21.547     99.14060000 6.7e-05    -45.82572778 4.4e-05  1.984597 4.0e-11      26.31 1.5e-01          *       0   17.000       0      *       0     0.10       0         *         *
8        21.52 J0646-54       264.400   -22.600    101.59333333       0    -54.88250000       0  0.002510       0      40.10       0          *       0        *       0      *       0        *       0         *         *
9        21.55 J0646-5455     264.434   -22.628    101.56095800 2.9e-07    -54.92058417 2.8e-07  0.002507 7.0e-18      40.23 6.0e-04          *       0        *       0      *       0     0.09 3.0e-02         *         *
10       23.36 J0648-27       237.001   -12.645    102.00000000       0    -27.00000000       0  4.169000       0     132.50 1.1e+00          *       0   54.000       0      *       0        *       0         *         *

11       25.20 J0656-2228     233.655    -8.982    104.12586881 3.2e-05    -22.47376389 4.2e-05  1.224754 3.0e-12      32.53 5.0e-02      78.20 7.0e-01   16.000       0      *       0     3.00 1.0e+00         *         *
12       20.25 J0656-5449     264.795   -21.141    104.20409070 1.2e-05    -54.82075811 7.8e-06  0.183157 1.1e-13      66.12 2.0e-02       5.30 1.4e+00    5.700       0      *       0     0.40 1.0e-01         *         *
13       16.67 J0659-36       246.437   -14.139    104.75000000       0    -36.00000000       0  0.637000       0      83.40 2.0e-01          *       0   13.000       0      *       0        *       0         *         *
14       16.86 J0702-4956     260.190   -18.723    105.66375000 8.3e-04    -49.94283333 1.7e-04  0.665994 5.0e-10      98.70 1.0e-01          *       0        *       0      *       0        *       0         *         *
15       22.24 J0709-5923     270.029   -20.899    107.38555417 3.3e-05    -59.39877778 1.1e-05  0.485268 5.0e-12      65.00 2.0e+00          *       0    4.700       0      *       0     0.30 1.0e-01         *         *

16       29.80 J0711-6830     279.531   -23.280    107.97575018 3.0e-08    -68.51315682 1.1e-08  0.005491 1.9e-17      18.41 2.0e-04      23.90 3.0e-01    1.092 5.0e-03      *       0     2.60 3.0e-01         *         *
17       19.40 J0719-2545     238.934    -5.826    109.78075000 2.1e-05    -25.75006389 2.5e-05  0.974729 8.0e-13     253.72 1.2e-02     156.65 1.8e-01   14.000       0      *       0     0.80 2.0e-01         *         *
18       15.10 J0720-3125     244.158    -8.165    110.10400833 3.8e-06    -31.43057861 3.1e-06  8.391116 3.0e-08          *       0          *       0        *       0      *       0        *       0         *         *
19       23.33 J0721-2038     234.669    -2.922    110.42876958 4.6e-06    -20.63529472 4.7e-06  0.015542 8.0e-14      76.01 6.0e-03     -18.40 4.0e-01    0.370       0      *       0     0.27 6.0e-03         *         *
20       23.00 J0723-2050     234.992    -2.733    110.77000000 7.5e-03    -20.83111111 1.9e-03  0.711540       0     130.00       0          *       0    3.700       0      *       0        *       0         *         *

21       26.57 J0725-1635     231.473    -0.330    111.25168397 2.5e-05    -16.59605977 4.0e-05  0.424311 1.1e-12      98.98 3.0e-02     188.00 1.2e+01    2.900       0      *       0     0.33 4.0e-02         *         *
22       18.08 J0726-2612     240.079    -4.644    111.53383333 1.7e-04    -26.21058333 2.2e-04  3.442308 4.0e-10      69.40 4.0e-01     126.00 1.7e+01   77.000       0      *       0     0.20       0         *         *
23       27.82 J0729-1448     230.392     1.424    112.31854167 8.3e-05    -14.81022222 2.2e-04  0.251709 2.0e-13      91.93 3.0e-02      46.95 1.4e-01    7.600       0      *       0     0.83 6.0e-02         *         *
24       24.29 B0727-18       233.760    -0.341    112.38473708 4.2e-07    -18.61173444 5.6e-07  0.510176 3.0e-11      61.23 3.0e-03      51.48 8.0e-02   14.000       0      *       0     1.90 5.0e-01         *         *
25       19.27 J0733-2345     238.713    -2.030    113.35250000 1.7e-04    -23.76561111 3.1e-04  1.796250 1.0e-10     190.20 5.0e-01          *       0   18.000       0      *       0     0.07       0         *         *

26       26.24 J0734-1559     232.062     2.016    113.69039583 1.3e-05    -15.98840000 1.1e-05  0.156250       0          *       0          *       0        *       0      *       0        *       0         *         *
27       23.82 J0736-6304     274.881   -19.153    114.08337500 1.1e-03    -63.07111111 5.6e-04  4.862874 7.0e-10      19.40       0          *       0   30.000       0      *       0        *       0         *         *
28       20.38 J0737-2202     237.685    -0.318    114.43365409 9.6e-06    -22.03486653 1.5e-05  0.320370 7.0e-13      95.57 3.0e-02     162.90 4.0e-01    5.300       0      *       0     0.47 9.0e-02         *         *
29       12.99 J0737-3039A    245.236    -4.505    114.46353508 1.1e-07    -30.66130953 2.8e-08  0.022699 1.1e-15      48.92 2.0e-03     120.46 4.0e-02   14.300       0      *       0     3.06 7.0e-02         *         *
30       12.99 J0737-3039B    245.236    -4.505    114.46353508 1.1e-07    -30.66130953 2.8e-08  2.773461 8.0e-11      48.92 5.0e-03     118.00 1.2e+01   58.000       0      *       0     1.30 3.0e-01         *         *

31        8.13 B0736-40       254.193    -9.192    114.63465417 4.2e-06    -40.71116389 2.8e-06  0.374921 1.5e-12     160.90 3.0e-03      13.06 1.0e-02   25.000       0   0.00 7.0e-06   112.60 5.0e-01         *         *
32       14.22 B0740-28       243.773    -2.444    115.70440833 8.3e-06    -28.37882222 1.1e-05  0.166762 2.0e-11      73.76 5.0e-04     150.29 1.0e-02    4.400       0   0.00 7.0e-08    26.00 2.0e+00         *         *
33       16.71 J0744-2525     241.334    -0.743    116.00000000       0    -25.41666667       0  0.091996       0          *       0          *       0        *       0      *       0        *       0         *         *
34       14.97 B0743-53       266.660   -14.283    116.26866667 1.7e-04    -53.88598889 8.3e-06  0.214839 5.0e-12     121.38 2.0e-02     -71.00 4.0e+00   10.700       0   0.00 5.0e-07     5.00 2.0e-01         *         *
35        8.19 J0746-4529     259.203   -10.103    116.74799167 6.7e-05    -45.49073611 4.7e-05  2.791025 5.0e-11     134.57 1.2e-01          *       0   38.000       0      *       0     0.20       0         *         *

36        6.42 J0749-4247     257.066    -8.349    117.45680140 1.0e-05    -42.79477013 8.9e-06  1.095453 1.5e-12     104.59 9.0e-03     115.60 3.0e-01   15.000       0   0.00 3.0e-06     0.50 1.0e-01         *         *
37       28.86 J0750-6846     281.056   -20.048    117.64937500 8.3e-05    -68.77605833 2.8e-05  0.915216 7.0e-11      54.60 2.0e-01     -31.00 2.0e+00  188.500 9.0e-01      *       0     1.70 2.0e-01         *         *
38       25.23 B0756-15       234.464     7.224    119.62112833 2.9e-06    -15.46909389 5.3e-06  0.682265 1.4e-12      63.33 3.0e-03      49.44 7.0e-02    7.300       0      *       0     2.60 8.0e-01         *         *
39       11.25 J0758-30       246.856    -0.417    119.50000000       0    -30.00000000       0  1.092000       0      86.50 3.0e-01          *       0   27.000       0      *       0        *       0         *         *
40       11.18 J0758-3002     246.936    -0.361    119.60286306 3.0e-05    -30.03905001 2.1e-05  1.091870 1.1e-11      86.34 1.0e-02          *       0        *       0      *       0        *       0         *         *

41       16.31 J0802-5613     269.950   -13.239    120.50000000       0    -56.21666667       0  0.273973       0          *       0          *       0        *       0      *       0        *       0         *         *
42        4.75 J0804-3647     253.331    -2.872    121.09250000 1.7e-04    -36.79319444 1.4e-04  2.191987 1.5e-10     186.80 2.0e-01          *       0   32.000       0      *       0     0.29 9.0e-02         *         *
43        3.04 J0806-4123     257.426    -4.983    121.59750000 1.7e-04    -41.37525000 1.7e-04 11.370386 1.2e-07          *       0          *       0        *       0      *       0        *       0         *         *
44       14.32 J0807-5421     268.726   -11.594    121.94659750 1.9e-05    -54.35726964 1.0e-05  0.526644 3.0e-13     165.83 2.0e-02     -52.40 7.0e-01   11.000       0      *       0     0.40 1.0e-01         *         *
45        2.56 J0808-3937     256.134    -3.759    122.04845833 1.2e-04    -39.63136111 8.3e-05  0.866349 3.0e-11     169.10 2.0e-01          *       0   11.000       0      *       0     0.21 6.0e-02         *         *

46        7.96 B0808-47       263.301    -7.957    122.43264583 2.5e-05    -47.89856291 9.4e-06  0.547202 3.0e-12     228.68 9.0e-03     100.81 6.0e-02    8.500       0   0.00 1.4e-05     2.60 6.0e-01         *         *
47        2.05 J0812-3905     256.111    -2.811    123.06167500 4.2e-05    -39.09692222 2.5e-05  0.482596 4.0e-12     329.60 1.2e-01          *       0   37.000       0      *       0     0.38 9.0e-02         *         *
48        9.40 J0818-3049     249.983     2.908    124.70541667 1.7e-03    -30.82527778 1.4e-03  0.763742 5.0e-10     118.90 2.0e-01          *       0   46.000       0      *       0     0.33 9.0e-02         *         *
49        7.69 J0818-3232     251.358     1.875    124.60806250 2.9e-05    -32.54181389 3.1e-05  2.161259 1.5e-12     131.69 1.1e-02      25.90 8.0e-02   11.000       0      *       0     1.40 4.0e-01         *         *
50       26.36 B0818-13       235.890    12.595    125.10992375 4.2e-07    -13.84884972 5.6e-07  1.238130 8.0e-13      40.94 3.0e-03      -0.66 3.0e-02   23.000       0   0.00 1.3e-07     6.00 2.0e+00         *         *

51        1.77 J0820-3826     256.523    -1.032    125.24964224 2.7e-05    -38.44531195 2.6e-05  0.124837 3.0e-13     195.50 3.0e-02     125.10 1.1e+00    6.000       0      *       0     0.49 3.0e-02         *         *
52        0.85 J0820-3921     257.261    -1.583    125.20462500 1.7e-04    -39.36547222 1.1e-04  1.073567 4.0e-11     179.40 1.0e-01     127.00 8.0e+00   46.000       0      *       0     0.40 1.0e-01         *         *
53        1.05 B0818-41       258.749    -2.734    125.06441667 4.2e-05    -41.24311111 2.8e-05  0.545446 6.0e-12     112.77 7.0e-02      62.06 4.0e-02  141.000       0   0.00 7.0e-07     5.00 1.0e+00         *         *
54        2.15 J0821-4221     259.825    -3.137    125.43598333 1.3e-05    -42.35707222 1.1e-05  0.396730 1.9e-13     270.61 3.0e-02     272.40 5.0e-01    4.300       0      *       0     0.80 2.0e-01         *         *
55        2.80 J0821-4300     260.382    -3.473    125.48902208 1.3e-05    -43.00474278 1.2e-05  0.112799 6.0e-12          *       0          *       0        *       0      *       0        *       0         *         *

56        6.09 B0826-34       253.965     2.561    127.06927293 7.9e-04    -34.28529102 7.8e-04  1.848919 1.1e-10      51.60 5.0e-01      59.00 3.0e+00  113.000       0      *       0     0.25 4.0e-02         *         *
57        4.34 J0831-4406     262.285    -2.694    127.88512500 1.2e-04    -44.10330556 1.1e-04  0.311674 1.1e-11     254.00 5.0e-01     509.00 2.0e+01    5.500       0      *       0     0.43 5.0e-02         *         *
58        3.04 J0834-4159     260.886    -1.036    128.57419583 8.3e-06    -41.99333056 5.6e-06  0.121118 1.8e-12     240.50 1.5e+00    -377.00 3.1e+01    4.700       0      *       0     0.28 2.0e-02         *         *
59       20.48 J0834-60       276.075   -11.924    128.70833333 1.7e-01    -60.58333333 8.3e-02  0.384645 6.0e-06      20.00 6.0e+00          *       0        *       0      *       0        *       0         *         *
60        4.10 J0835-3707     257.076     1.990    128.76283333 1.2e-04    -37.13097222 8.3e-05  0.541404 1.5e-11     112.40 1.4e-01      62.80 7.0e-01    4.200       0      *       0     0.28 4.0e-02         *         *

61        5.60 B0833-45       263.552    -2.787    128.83588121 8.3e-08    -45.17635419 8.3e-08  0.089328 4.0e-12      67.77 9.0e-03      31.38 1.0e-02    1.700       0   0.00 3.0e-07  1050.00 6.0e+01         *         *
62        3.65 J0836-4233     261.537    -1.107    129.02437500 1.2e-04    -42.55691667 8.3e-05  0.738436 4.0e-11     180.00       0          *       0   14.000       0      *       0     0.13 3.0e-03         *         *
63       15.70 J0837-2454     247.575     9.775    129.49061667 8.3e-06    -24.90825000 2.8e-05  0.629410 8.0e-10     143.10 1.0e-01          *       0    1.000       0      *       0        *       0         *         *
64        3.35 B0835-41       260.904    -0.336    129.33830958 2.5e-06    -41.58737861 1.7e-06  0.751625 1.2e-12     147.19 3.0e-03     146.53 1.0e-02    4.400       0   0.00 7.0e-08    35.00 9.0e+00         *         *
65       14.30 J0838-2621     248.807     8.981    129.57830134 1.4e-05    -26.35820381 1.9e-05  0.308581 1.5e-13     116.91 5.0e-02     106.30 1.0e+00    7.800       0      *       0     0.50 1.0e-01         *         *

66       12.29 J0838-2827     250.589     7.819    129.71007558 4.2e-08    -28.46582581 8.3e-08  0.003615 1.2e-15      80.66       0          *       0        *       0      *       0        *       0         *         *
67        3.34 J0838-3947     259.606     0.928    129.62833333 2.1e-03    -39.78944444 1.9e-03  1.703946 9.0e-10     219.00 1.1e+01          *       0   57.000       0      *       0     0.11 2.0e-02         *         *
68       26.50 J0839-66       281.441   -14.927    129.90416667       0    -66.58111111       0  0.449339       0      83.00       0          *       0        *       0      *       0        *       0         *         *
69       13.73 B0839-53       270.774    -7.143    130.14050298 1.3e-05    -53.54329826 7.5e-06  0.720614 7.0e-13     157.37 1.2e-02      83.84 1.6e-01   23.000       0   0.00 8.0e-07     1.70 5.0e-01         *         *
70        9.41 B0840-48       267.182    -4.101    130.52268458 3.8e-06    -48.85574824 1.1e-05  0.644367 1.3e-12     196.69 1.0e-02     149.50 1.0e+00    6.900       0   0.00 7.0e-06     1.07 1.0e-02         *         *

71       10.87 J0843-5022     268.496    -4.898    130.79110324 8.3e-06    -50.37859641 5.0e-06  0.208956 5.0e-14     178.44 1.7e-02     156.80 1.0e+00    5.500       0      *       0     0.70 1.0e-01         *         *
72        6.76 B0844-35       257.190     4.710    131.52532659 2.3e-05    -35.56132302 2.1e-05  1.116099 4.0e-12      94.16 1.1e-02     137.73 2.0e-02   19.000       0   0.00 7.0e-06     5.00 1.0e+00         *         *
73        5.86 J0847-4316     263.444     0.158    131.98887500 2.1e-04    -43.28244444 1.9e-04  5.977493 7.0e-10     292.50 9.0e-01          *       0   53.000       0      *       0        *       0         *         *
74       23.55 J0849-6322     279.433   -12.171    132.42732047 4.2e-05    -63.37632394 1.8e-05  0.367954 1.9e-13      91.31 3.0e-02     -91.40 4.0e-01    5.700       0      *       0     1.00 2.0e-01         *         *
75        8.80 J0853-4648     266.779    -1.349    133.33887500       0    -46.81558333       0  0.473156 5.0e-06     304.00 1.0e+00          *       0        *       0      *       0        *       0         *         *

76        9.59 B0853-33       256.847     7.517    133.91005628 2.6e-05    -33.52758448 2.9e-05  1.267541 5.0e-13      86.40 7.0e-03     146.81 1.4e-01   19.000       0   0.00 3.0e-06     0.60 1.0e-01         *         *
77        9.02 J0855-4644     266.967    -1.004    133.90075000 1.2e-04    -46.73705556 1.4e-04  0.064686 4.0e-13     236.40 1.0e-01     225.00 3.0e+00    5.100       0      *       0     0.28 2.0e-02         *         *
78        9.15 J0855-4658     267.116    -1.193    133.83154167 2.1e-04    -46.97294444 2.5e-04  0.575072 4.0e-11     472.70 1.2e+00     350.00 5.0e+01    8.400       0      *       0     0.23 3.0e-02         *         *
79       22.10 B0855-61       278.575   -10.427    134.24692772 1.3e-05    -61.63135337 6.1e-06  0.962511 1.8e-13      95.72 1.9e-02    -113.80 3.0e-01   20.000       0      *       0     3.30 7.0e-01         *         *
80        7.97 J0857-4424     265.457     0.822    134.48263333 8.3e-06    -44.40295833 5.6e-06  0.326793 5.0e-12     184.43 4.0e-03     162.30 8.0e-01    9.600       0   0.00 3.0e-05     0.98 5.0e-02         *         *

81       11.63 J0900-3144     256.162     9.486    135.18313343 9.7e-08    -31.74190775 1.1e-07  0.011110 1.3e-16      75.69 3.0e-04      85.42 5.0e-02    0.200 1.0e-01      *       0     3.84 3.0e-02         *         *
82        7.67 J0901-4046     263.140     3.700    135.37187083 4.2e-06    -40.76749556 2.8e-07 75.885547 6.0e-08      52.00 1.0e+00     -64.00 2.0e+00  299.000 1.0e+00      *       0        *       0         *         *
83        9.61 J0901-4624     267.404    -0.004    135.41714913 6.2e-06    -46.41342799 4.4e-06  0.442058 6.0e-13     198.96 9.0e-03     266.26 1.8e-01    3.900       0      *       0     0.51 3.0e-02         *         *
84       24.00 B0901-63       280.390   -11.082    135.63428301 2.8e-05    -63.42010514 1.2e-05  0.660314 1.8e-12      72.80 1.5e-02     -55.57 7.0e-02   17.000       0      *       0     1.70 3.0e-01         *         *
85        8.58 B0903-42       265.074     2.859    136.24611641 1.5e-05    -42.77038663 1.2e-05  0.965174 1.6e-12     145.88 1.0e-02     283.99 1.0e-01    9.400       0   0.00 7.0e-06     0.60 7.0e-02         *         *

86        9.72 J0905-4536     267.239     1.010    136.34928736 4.0e-05    -45.61479551 2.2e-05  0.988281 1.1e-12     196.40 8.0e-02     153.85 1.2e-01   32.000       0   0.00 1.5e-05     1.10 2.0e-01         *         *
87       13.65 J0905-5127     271.633    -2.854    136.46652489 6.7e-05    -51.46501389 5.6e-06  0.346310 1.2e-12     196.43 4.0e-03     287.10 3.0e-01    8.100       0   0.00 4.0e-08     1.05 6.0e-02         *         *
88       21.24 J0905-6019     278.222    -8.816    136.31352083 2.1e-05    -60.32279444 8.3e-06  0.340854 8.0e-12      91.40 4.0e-01     -63.00 2.3e+01    6.300       0      *       0     0.30 1.0e-01         *         *
89       14.17 B0905-51       272.151    -3.031    136.81625417 1.3e-05    -51.96648889 5.6e-06  0.253558 8.0e-12     103.66 5.0e-03     -26.24 2.0e-02   13.000       0   0.00 6.0e-08    17.00 5.0e+00         *         *
90       24.77 B0906-17       246.119    19.850    137.15909250 4.6e-06    -17.66046389 8.3e-06  0.401626 1.8e-13      15.88 2.0e-03     -35.60 3.0e-01    8.600       0   0.00       0     4.00 2.0e+00         *         *

91       12.30 B0906-49       270.265    -1.019    137.14775000 4.2e-05    -49.21805556 2.8e-06  0.106771 1.8e-13     180.16 1.0e-03      12.04 1.0e-02    2.400       0   0.00 7.0e-06    20.00 1.0e+00         *         *
92        9.77 J0911-42       265.839     3.845    137.93750000       0    -42.66666667 1.2e-01  1.940636       0     162.20       0          *       0   30.300       0      *       0     0.05       0         *         *
93       10.01 J0912-3851     263.165     6.584    138.17791667 8.3e-05    -38.85083333 2.8e-04  1.526085 3.0e-09      71.50 4.0e-01      85.00 1.6e+01   37.000       0      *       0     0.10       0         *         *
94       15.63 J0916-5243     273.637    -2.563    139.03812500       0    -52.72900000       0  1.310444 4.0e-06     162.60 4.0e-01          *       0        *       0      *       0        *       0         *         *
95       11.21 J0917-4413     267.735     3.573    139.46837083       0    -44.22233333       0  0.052905 7.0e-08     123.80 1.6e-01          *       0        *       0      *       0        *       0         *         *

96       11.02 J0919-42       266.285     5.274    139.75000000 1.0e+00    -42.00000000 6.7e-01  0.812600       0      57.80       0          *       0        *       0      *       0        *       0         *         *
97       22.36 J0919-6040     279.687    -7.774    139.86612500 2.9e-04    -60.68066667 8.3e-05  1.216976 6.0e-10      82.50 3.0e-01          *       0   26.000       0      *       0     0.20       0         *         *
98       15.78 J0921-5202     273.775    -1.447    140.49949167 2.5e-06    -52.04401333 1.4e-06  0.009680 4.0e-15     122.71 3.0e-03    -179.00 1.0e+00    0.790       0      *       0     0.19 7.0e-03         *         *
99       12.38 J0922-4534     269.250     3.173    140.56895833       0    -45.57805556       0  0.004417 5.0e-10     113.93 1.4e-02          *       0        *       0      *       0        *       0         *         *
100      14.40 J0922-4949     272.237     0.160    140.56226495 1.0e-05    -49.81999414 6.4e-06  0.950357 8.0e-13     237.31 6.0e-03     -10.50 1.5e-01    2.800       0      *       0     0.52 6.0e-02         *         *

101      15.10 J0923-31       259.697    13.003    140.99166667 2.1e-01    -31.95000000 2.5e-01         *       0      72.00 2.0e+01          *       0        *       0      *       0        *       0         *         *
102      16.70 B0922-52       274.712    -1.930    141.03634167 1.7e-05    -53.04516667 8.3e-05  0.746344 1.7e-13     153.40 4.0e-03     116.44 7.0e-02    4.400       0   0.00 5.0e-08     1.10 3.0e-01         *         *
103      20.66 B0923-58       278.394    -5.595    141.12841667 4.2e-05    -58.23475000 2.8e-06  0.739505 3.0e-11      57.09 5.0e-02     -44.94 2.0e-02   43.000       0   0.00 3.0e-07     6.00 2.0e+00         *         *
104      16.82 J0927-5242     274.811    -1.360    141.81191667       0    -52.70516667       0  0.327951 3.0e-06     296.00 1.0e+00          *       0        *       0      *       0        *       0         *         *
105      25.99 J0930-1854     250.760    23.019    142.64695833 8.3e-05    -18.90863889 2.2e-04         *       0      33.00       0          *       0    1.500       0      *       0        *       0         *         *

106      22.49 J0930-2301     253.932    20.138    142.51175000 3.3e-04    -23.02916667 2.8e-04  1.807069 8.0e-11      78.30 5.0e-01          *       0   46.000       0      *       0        *       0         *         *
107      25.97 J0931-1902     250.999    23.054    142.82965056 2.3e-08    -19.04862521 3.8e-08  0.004638 2.0e-17      41.49 5.0e-04    -100.20 2.0e-01    0.450       0      *       0     0.52 4.0e-02         *         *
108      16.39 J0932-3217     261.277    14.069    143.16312500 2.5e-04    -32.28727778 2.2e-04  1.931627 1.9e-10     102.10 5.0e-01     241.00 2.3e+01   13.400       0      *       0     0.30 1.0e-01         *         *
109      17.89 J0932-5327     275.885    -1.375    143.09525000 5.8e-04    -53.45305556 4.4e-04  4.392159 6.0e-10     118.56 1.3e-01          *       0   69.000       0      *       0     0.15       0         *         *
110      14.45 J0933-4604     271.059     4.207    143.46720833       0    -46.07977778       0  3.669910 5.0e-05     123.00 2.0e+00          *       0        *       0      *       0        *       0         *         *

111      13.98 J0934-4154     268.361     7.411    143.74250000 1.2e-04    -41.90541667 8.3e-05  0.570409 1.4e-11     113.79 1.6e-01          *       0   12.000       0      *       0     0.30 1.0e-01         *         *
112      17.73 B0932-52       275.690    -0.700    143.61765417 2.1e-05    -52.82425000 1.4e-05  1.444778 4.0e-12     100.37 9.0e-03       4.61 6.0e-02   24.000       0   0.00 7.0e-08     3.20 9.0e-01         *         *
113      15.51 J0936-4750     272.605     3.230    144.17325000       0    -47.84183333       0  0.522581 1.0e-05     113.00 3.0e+00          *       0        *       0      *       0        *       0         *         *
114      19.51 J0940-5428     277.510    -1.292    145.24263346 1.3e-04    -54.47777770 8.1e-05  0.087569 6.0e-13     134.83 2.0e-02     -30.90 4.0e-01    2.800       0      *       0     0.66 4.0e-02         *         *
115      15.39 J0941-39       267.795     9.904    145.40833333 1.9e-01    -39.68333333 2.5e-01  0.586778 3.0e-11      78.00 3.0e+00          *       0        *       0      *       0        *       0         *         *

116      18.56 J0941-5244     276.446     0.092    145.42153206 1.7e-05    -52.73459479 1.2e-05  0.658559 7.0e-13     157.94 1.0e-02    -194.40 4.0e-01   17.000       0      *       0     0.50 1.0e-01         *         *
117      20.56 B0940-55       278.569    -2.232    145.56200000 2.5e-04    -55.88197222 1.4e-04  0.664389 1.4e-11     180.19 6.0e-03     -62.21 2.0e-02    9.700       0   0.00 1.5e-07    11.00 3.0e+00         *         *
118      21.35 B0941-56       279.345    -2.990    145.72668394 2.4e-05    -56.96204234 1.3e-05  0.808171 9.0e-13     160.13 4.0e-03     141.42 9.0e-02    4.700       0      *       0     1.00 3.0e-01         *         *
119      18.94 J0943-5305     276.842    -0.033    145.78333333       0    -53.08805556       0  1.734000       0     174.00       0          *       0    8.700       0      *       0        *       0         *         *
120      17.16 J0945-4833     274.199     3.674    146.40939167 2.5e-05    -48.55402778 1.4e-05  0.331586 1.8e-12      98.10 3.0e-01      -1.10 4.2e+00    4.500       0      *       0     0.39 5.0e-02         *         *

121      21.16 J0948-5549     279.168    -1.646    147.05116667       0    -55.82136111       0  0.166095 1.8e-06     178.00 1.0e+00          *       0        *       0      *       0        *       0         *         *
122      17.61 B0950-38       268.701    12.033    148.07137467 8.3e-05    -38.65277380 7.5e-05  1.373816 1.2e-11     162.78 9.0e-02     334.40 3.0e-01   31.000       0   0.00 3.0e-06     4.00 1.0e+00         *         *
123      21.08 J0954-5430     278.998    -0.101    148.52520801 1.3e-05    -54.51465199 7.2e-06  0.472866 9.0e-13     201.16 1.0e-02      91.73 1.7e-01   11.000       0      *       0     0.51 3.0e-02         *         *
124      23.19 J0954-5754     281.197    -2.696    148.72296667       0    -57.91352775       0  0.004835 1.9e-09     307.35 6.0e-02          *       0        *       0      *       0        *       0         *         *
125      18.00 J0955-3947     269.930    11.540    148.86586954 2.5e-08    -39.79785919 2.8e-08  0.002023 1.3e-16     130.71       0          *       0        *       0      *       0        *       0         *         *

126      20.51 B0953-52       278.264     1.159    148.87275275 3.1e-06    -53.07128464 1.9e-06  0.862123 5.0e-13     156.74 5.0e-03    -129.52 1.6e-01    4.200       0   0.00 5.0e-08     0.94 1.0e-01         *         *
127      25.89 J0955-6150     283.685    -5.737    148.83686173 8.0e-08    -61.83802560 3.6e-08  0.001999 3.0e-16     160.90 2.0e-04     -49.00 1.0e+00        *       0      *       0     0.64 1.2e-02         *         *
128      21.56 J0957-5432     279.448     0.227    149.48337500 1.2e-04    -54.53441667 1.4e-04  0.203557 6.0e-12     226.10 3.0e-01     125.00 1.9e+01    3.200       0      *       0     0.18 3.0e-02         *         *
129      19.21 B0957-47       275.742     5.418    149.85920483 2.0e-05    -48.16320268 1.7e-05  0.670086 1.4e-12      92.64 6.0e-02      38.61 9.0e-02   98.000       0      *       0     4.00 8.0e-01         *         *
130      20.62 J1000-5149     278.107     2.603    150.11725417 2.5e-05    -51.83281111 1.9e-05  0.255677 2.0e-12      72.80 3.0e-01      46.00 9.0e+00    4.500       0      *       0     0.26 4.0e-02         *         *

131      22.32 B0959-54       280.226     0.085    150.40804463 2.0e-04    -55.11853739 1.2e-04  1.436639 4.0e-12     130.29 4.0e-03     270.40 2.0e-02    9.800       0   0.00 9.0e-07    10.00 3.0e+00         *         *
132      22.72 J1001-5559     280.691    -0.648    150.28572817 2.0e-05    -55.98331598 1.2e-05  1.661177 3.0e-12     158.04 1.3e-02     129.95 7.0e-02   13.000       0      *       0     1.40 4.0e-01         *         *
133      22.76 J1001-5603     280.726    -0.708    150.27070833       0    -56.05277778       0  0.379533 3.0e-06     235.30 1.0e+00          *       0        *       0      *       0        *       0         *         *
134      24.96 J1001-5939     282.945    -3.548    150.38429167 5.8e-04    -59.65494444 1.9e-04  7.733640 8.0e-10     113.00 3.0e+00          *       0   30.000       0      *       0     0.15       0         *         *
135      22.94 J1002-5559     280.901    -0.503    150.74125000 1.3e-03    -55.99361111 1.4e-03  0.777501 3.0e-10     426.00 4.0e+00          *       0   25.000       0      *       0     0.12 2.0e-02         *         *

136      24.83 J1002-5919     282.829    -3.224    150.58541667 2.1e-04    -59.32700000 1.7e-04  0.713489 6.0e-10     347.00 2.0e+00          *       0   15.000       0      *       0     0.17       0         *         *
137      19.75 B1001-47       276.037     6.117    150.83970417 4.2e-06    -47.78366389 5.6e-07  0.307074 3.0e-12      98.27 8.0e-02      53.20 6.0e-01    6.600       0      *       0     1.43 8.0e-02         *         *
138      27.77 J1006-6311     285.550    -6.029    151.65250000 8.3e-05    -63.19477778 5.6e-05  0.835797 2.0e-10     195.99 5.0e-02          *       0   20.000       0      *       0     0.12 1.1e-02         *         *
139      28.66 B1010-23       262.131    26.377    153.14052652 1.3e-04    -23.63956138 1.6e-04  2.517945 4.0e-11      22.51 9.0e-02      52.00 9.0e+00   39.000       0      *       0     0.14 1.3e-02         *         *
140      20.86 J1012-4235     274.218    11.225    153.05391029 4.2e-08    -42.59816660 3.7e-08  0.003101 3.0e-17      71.65 8.0e-05      61.80 5.0e-01        *       0      *       0     0.26 6.0e-03         *         *

141      25.45 J1012-5830     283.459    -1.762    153.22875000 4.2e-04    -58.50711111 2.2e-04  2.133591 3.0e-10     294.00 4.0e+00          *       0   19.000       0      *       0     0.08 2.0e-02         *         *
142      25.69 B1011-58       283.707    -2.146    153.20197876 1.2e-05    -58.96347538 6.4e-06  0.819929 1.3e-12     382.60 1.2e-02      49.90 4.0e-01    8.800       0   0.00       0     1.91 1.0e-02         *         *
143      26.12 J1013-5934     284.130    -2.596    153.38265026 4.2e-06    -59.57406137 2.3e-06  0.442901 1.2e-13     379.47 6.0e-03    -101.07 8.0e-02    4.800       0      *       0     2.60 6.0e-01         *         *
144      21.76 J1014-48       278.136     6.330    153.57500000 1.7e-01    -48.82833333 1.2e-01  1.508800 2.0e-04      87.00 7.0e+00          *       0   21.000       0      *       0        *       0         *         *
145      23.64 J1015-5359     281.262     2.212    153.99063083       0    -53.98666664       0  0.020800 3.0e-08      30.80 1.6e-01          *       0        *       0      *       0        *       0         *         *

146      25.12 J1015-5719     283.088    -0.578    153.90816667 1.7e-04    -57.32022222 5.6e-05  0.139920 2.0e-13     277.79 4.0e-02     108.11 1.6e-01   46.000       0      *       0     3.00 2.0e-01         *         *
147      23.62 B1014-53       281.201     2.450    154.12968106 7.9e-06    -53.75395699 4.7e-06  0.769586 6.0e-13      67.30 7.0e-03     -19.78 1.5e-01    8.300       0      *       0     1.10 4.0e-01         *         *
148      25.70 J1016-5819     283.708    -1.363    154.05029583 8.3e-06    -58.31696389 4.4e-05  0.087834 6.0e-13     252.16 7.0e-02      92.00 1.4e+01    2.900       0      *       0     0.36 2.0e-02         *         *
149      26.06 J1016-5857     284.079    -1.880    154.08816667 4.2e-05    -58.95336111 2.8e-05  0.107386 1.5e-12     393.62 5.0e-02    -512.70 7.0e-01    9.000       0      *       0     0.90 5.0e-02         *         *
150      24.84 B1015-56       282.732     0.341    154.30346250 1.3e-05    -56.35847778 8.3e-06  0.503463 1.8e-12     437.88 8.0e-03     331.90 1.0e-01    3.400       0   0.00 7.0e-06     2.20 1.0e-02         *         *

151      25.86 J1019-5749     283.837    -0.679    154.96725000 1.7e-04    -57.81830556 1.4e-04  0.162513 5.0e-13    1039.90 6.0e-01    -342.70 1.0e+00   47.000       0      *       0     3.80 2.0e-01         *         *
152      24.73 J1020-5510     282.468     1.591    155.13304167       0    -55.16883333       0  0.003943 3.0e-10     134.80 9.0e-03          *       0        *       0      *       0        *       0         *         *
153      26.70 J1020-5921     284.719    -1.944    155.05845833 3.3e-04    -59.35944444 2.8e-04  1.238305 1.1e-10      80.00 3.0e+00     -60.00 1.4e+01   17.000       0      *       0     0.20       0         *         *
154      27.29 J1020-6026     285.302    -2.848    155.04754167 7.9e-04    -60.43508333 3.3e-04  0.140481 1.0e-12     446.00 5.0e-01    -721.00 1.4e+01   14.000       0      *       0     0.25 1.0e-02         *         *
155      28.19 J1020-6158     286.150    -4.142    155.05104167       0    -61.98102778       0  0.282879 6.0e-07     363.00 3.0e-01          *       0        *       0      *       0        *       0         *         *

156      25.21 J1021-5601     283.041     0.935    155.35341667 6.3e-04    -56.03080556 3.1e-04  0.670026 1.4e-10     212.00 8.0e+00          *       0   57.000       0      *       0     0.37 5.0e-02         *         *
157      26.36 J1022-5813     284.347    -0.834    155.61708333 8.3e-04    -58.22500000 1.1e-03  1.643726 5.0e-10     714.00 8.0e+00          *       0   36.000       0      *       0     0.20 3.0e-02         *         *
158      26.21 J1023-5746     284.166    -0.407    155.76208333 2.1e-03    -57.76805556 5.6e-04  0.111472 9.0e-11          *       0          *       0        *       0      *       0        *       0         *         *
159      27.10 J1028-5819     285.065    -0.496    157.11666667 4.2e-04    -58.31811111 4.2e-04  0.091403 1.4e-09      96.53 2.0e-03      -5.00 4.0e+00    0.100       0      *       0     0.24 2.0e-02         *         *
160      28.21 J1030-6008     286.225    -1.928    157.60901917       0    -60.14372219       0  0.027324 9.0e-09     370.80 4.0e-02          *       0        *       0      *       0        *       0         *         *

161      28.87 J1031-6117     286.880    -2.881    157.75933333 2.9e-04    -61.29738889 8.3e-05  0.306411 1.0e-11     506.80 1.2e+00          *       0    9.300       0      *       0     0.12 2.0e-02         *         *
162      25.35 J1032-5206     282.354     5.128    158.11537500 2.9e-04    -52.10236111 1.7e-04  2.407622 1.2e-10     139.00 4.0e+00          *       0   21.000       0      *       0     0.19 3.0e-02         *         *
163      27.50 J1032-5804     285.436     0.008    158.21058333 4.2e-05    -58.07636111 5.6e-05  0.078741 3.0e-12     819.00 4.0e+00   -2000.00 1.0e+00        *       0      *       0        *       0         *         *
164      27.93 B1030-58       285.920    -1.010    158.02031667 4.2e-06    -59.19855556 2.8e-05  0.464213 7.0e-12     418.20 1.7e-01     100.00 7.0e+00   20.000       0   0.00 8.0e-06     1.10 2.0e-01         *         *
165      27.75 J1034-3224     272.050    22.117    158.58129582 9.7e-05    -32.40721690 8.8e-05  1.150591 7.0e-12      51.76 7.0e-02     -45.19 6.0e-02  248.000       0      *       0     8.00 3.0e+00         *         *

166      27.79 J1034-5817     285.734    -0.076    158.61941667       0    -58.29930556       0  0.791480 4.0e-05     579.00 6.0e+00          *       0        *       0      *       0        *       0         *         *
167      28.39 J1034-5934     286.386    -1.170    158.65231250       0    -59.57273603       0  0.034471 8.0e-08     603.80 4.0e-01          *       0        *       0      *       0        *       0         *         *
168      25.20 J1036-4353     278.724    12.553    159.12589638 4.2e-08    -43.88575700 5.6e-08  0.001680 1.2e-15      61.12 3.0e-03          *       0        *       0      *       0        *       0         *         *
169      25.40 J1036-4926     281.519     7.727    159.05459124 4.6e-06    -49.43928584 3.3e-06  0.510370 4.0e-13     136.43 9.0e-03     -12.30 3.0e-01    3.000       0   0.00 7.0e-06     0.80 2.0e-01         *         *
170      28.35 B1036-58       286.284    -0.023    159.58187866 1.4e-05    -58.52412890 7.2e-06  0.661993 9.0e-13      72.78 9.0e-03     -30.14 1.3e-01   16.000       0      *       0     2.30 9.0e-01         *         *

171      29.68 J1039-6108     287.700    -2.235    159.90300000       0    -61.14616667       0  0.271553 1.3e-06     488.20 7.0e-01          *       0        *       0      *       0        *       0         *         *
172      27.64 B1039-55       285.192     2.998    160.50202208 3.8e-06    -55.35160917 1.7e-06  1.170868 3.0e-12     306.76 1.0e-02     179.87 7.0e-02   25.000       0   0.00 7.0e-06     0.62 7.0e-02         *         *
173      28.74 J1044-5737     286.574     1.163    161.13666667 4.2e-04    -57.62202778 2.2e-04  0.139029 4.0e-11          *       0          *       0        *       0      *       0        *       0         *         *
174      26.80 J1045-4509     280.851    12.254    161.45910336 4.5e-08    -45.16502896 3.6e-08  0.007474 4.0e-17      58.11 6.0e-04      94.43 9.0e-02    0.840 1.2e-02      *       0     2.74 4.0e-02         *         *
175      29.19 B1044-57       287.065     0.733    161.57835860 2.9e-05    -58.23105276 1.6e-05  0.369428 7.0e-13     239.99 1.1e-02     133.70 4.0e-01    8.300       0   0.00 7.0e-06     1.37 1.0e-02         *         *

176      29.53 B1046-58       287.427     0.577    162.05437500 8.3e-05    -58.53505556 2.8e-05  0.123740 3.0e-12     128.68 4.0e-03    -148.92 1.0e-02    7.700       0      *       0     9.10 5.0e-01         *         *
177      29.57 J1048-5838     287.473     0.485    162.05233750 5.8e-05    -58.63861667 2.8e-05  1.231305 4.0e-12      70.70 9.0e-01          *       0   14.000       0      *       0        *       0         *         *
178      29.74 J1049-5833     287.628     0.649    162.45974494 7.1e-05    -58.56254460 3.3e-05  2.202328 1.5e-11     448.79 4.0e-02     345.08 1.2e-01   32.000       0      *       0     0.70 1.0e-01         *         *
179      28.84 J1057-4754     284.007    10.739    164.47140833 2.9e-05    -47.91600000 2.5e-05  0.628306 7.0e-12      60.00 8.0e+00          *       0   20.000       0      *       0     0.53 3.0e-02         *         *
180      29.24 B1055-52       285.984     6.649    164.49602083 8.3e-06    -52.44898056 5.6e-06  0.197116 5.0e-13      29.68 1.4e-03      46.32 1.0e-02   13.000       0      *       0     4.40 6.0e-01         *         *
------------------------------------------------------------------------------------------------------------------------------------------------------------------------------------------------------------------------------------------
